46434642 /* Tag, ASCII "FCFB" */
00000156 /* Version */
00000000
00030300 /* ColumnAddressWidth, DataSetupTime, DataHoldTime, ReadSampleClkSrc */
00000000
00000000
00000000
00000000
00000000
00000000
00000000
00000000
00000000
00000000
00000000
00000000
00000000
01010000 /* Serial Nor, Single/Dual/Quad/Octal, SerialClkFreq 0 - 24MHz, 1- 48MHz... */
00000000
00000000
00000010 /* SFlashA1Size */
00000000
00000000
00000000
00000000
00000000
00000000
00000000
00000000
00000000
00000000
00000000
0b042008 /* LUT Table */
08300424
00000000
00000000
00000000
00000000
00000000
00000000
00000000
00000000
00000000
00000000
00000000
00000000
00000000
00000000
00000000
00000000
00000000
00000000
00000000
00000000
00000000
00000000
00000000
00000000
00000000
00000000
00000000
00000000
00000000
00000000
00000000
00000000
00000000
00000000
00000000
00000000
00000000
00000000
00000000
00000000
00000000
00000000
00000000
00000000
00000000
00000000
00000000
00000000
00000000
00000000
00000000
00000000
00000000
00000000
00000000
00000000
00000000
00000000
00000000
00000000
00000000
00000000
00000000
00000000
00000000
00000000
00000000
00000000
00000000
00000000
00000000
00000000
00000000
00000000
00000000
00000000
00000000
00000000
00010000 /* Page Size, not used in ROM */
00000100 /* Sector Size, not used in ROM */
00000000
00000000
00000000
00000000
00000000
00000000
00000000
00000000
00000000
00000000
00000000
00000000
00000000
00000000
